3013.97557796
3200.05488796
3257.07634796
3372.10328796
3500.19824796
3628.29320796
3727.36161796
3798.39872796
3911.48278796
4074.54611796
4161.57814796
4289.63672796
4346.65818796
4483.71709796
4570.74912796
4683.83318796
4812.87577796
4911.94418796
5011.01259796
5124.09665796
5271.16506796
5328.18652796
5441.27058796
5542.31826796
5670.41322796
5798.50818796
5929.54867796
6057.60725796
6243.68656796
6406.74989796
6519.83395796
6620.88163796
6677.90309796
6805.96167796
6862.98313796
6976.06719796
7063.09922796
7160.15198796
7346.23129796
7433.26332796
7589.36443796
7702.44849796
7831.49108796
7959.54966796
8074.57660796
8260.65591796
8373.73997796
8487.78290796
8673.86221796
8810.92112796
8957.98953796
9114.09064796
9227.17470796
9326.24311796
9463.30202796
9550.33405796
9651.38173796
9779.47669796
9908.51928796
9979.55639796
10082.565588
10139.587048
10302.650378
10439.709288
10576.768198
10713.827108
10869.928218
10970.975898
11084.059958
11213.102548
11270.124008
11357.156038
11543.235348
11690.303758
11803.387818
11902.456228
12033.496718
12161.555298
12289.650258
12404.677198
12503.745608
12632.788198
12733.835878
12836.845068
12967.885558
13054.917588
13201.985998
