956
246 17
539 119
316 518
679 400
221 204
49 196
853 347
344 421
798 122
313 927
181 411
638 556
203 179
552 191
555 205
1 396
229 659
14 10
347 238
441 582
444 367
188 277
306 305
834 415
339 270
482 926
58 440
31 431
444 774
82 131
37 6
265 471
67 317
20 766
254 87
74 45
16 22
541 627
2 21
755 505
106 273
70 316
338 614
304 195
328 196
829 513
63 13
633 680
512 811
71 40
425 570
180 337
335 252
249 201
795 434
821 937
504 797
880 335
360 5
170 236
82 192
840 939
69 144
456 128
575 474
541 656
379 891
172 65
346 63
570 732
883 397
954 381
320 380
629 264
451 677
167 207
459 377
1 7
404 696
85 23
311 159
413 385
835 146
257 201
524 516
764 897
72 345
97 58
160 111
774 861
293 414
133 212
36 73
143 299
209 235
94 49
229 740
500 870
357 98
863 65
762 234
103 187
804 9
898 80
420 635
451 640
679 686
12 20
530 839
271 50
151 32
856 318
481 255
334 769
259 155
527 321
3 506
239 158
314 135
123 32
662 301
54 52
346 559
102 191
100 101
918 18
419 24
182 124
97 293
641 672
67 152
636 726
20 445
690 397
29 8
10 6
76 34
142 50
865 737
20 26
112 743
292 62
391 571
388 658
395 930
92 112
129 17
295 163
324 848
570 739
68 385
170 730
330 97
546 94
638 825
64 68
99 13
404 517
278 231
20 161
352 643
920 704
487 50
578 116
322 397
439 58
393 513
808 242
577 464
303 78
8 11
135 846
249 361
67 80
306 351
299 941
19 135
383 512
838 627
231 276
432 934
15 814
746 378
50 36
877 538
412 668
96 55
170 718
770 169
362 425
6 228
514 175
910 515
935 347
331 251
463 122
147 3
238 318
135 395
29 137
30 32
290 80
100 454
563 71
105 167
337 874
502 953
5 12
76 583
389 328
189 764
95 102
50 736
322 810
59 296
57 329
153 639
631 118
561 512
98 283
117 473
103 80
442 23
561 777
766 782
25 67
76 256
343 928
56 956
10 25
187 237
565 615
44 84
147 842
35 52
623 823
706 582
353 319
455 371
414 650
820 498
751 801
65 108
188 302
728 288
297 367
8 4
66 40
77 110
270 211
812 660
458 180
22 467
344 589
29 886
544 34
462 224
159 96
58 252
526 249
387 566
622 486
131 548
442 619
75 43
379 598
342 63
903 674
671 583
185 90
513 845
449 480
52 202
759 559
216 115
557 456
214 218
501 508
211 377
896 389
581 315
399 54
23 9
350 118
230 210
85 181
104 888
268 607
67 247
785 706
145 130
33 79
305 36
587 606
625 142
470 683
769 950
106 43
222 22
116 803
446 405
482 34
623 420
800 431
213 591
327 168
35 40
60 608
265 79
28 90
160 833
664 86
156 84
707 741
501 936
768 340
498 95
519 458
38 558
2 4
280 258
370 47
727 565
657 247
29 127
118 61
651 955
651 701
521 822
523 288
72 529
274 204
180 461
31 326
76 104
747 491
868 948
831 341
34 39
849 795
383 185
28 61
229 596
197 415
366 148
392 423
484 138
143 37
52 111
793 357
426 313
858 893
48 543
266 247
678 568
495 152
241 443
118 184
525 383
14 496
251 905
110 504
858 788
670 214
729 456
70 568
378 140
735 358
215 308
219 186
369 287
348 299
428 63
15 5
780 50
909 581
408 272
86 180
2 24
183 485
9 723
262 62
395 892
18 70
28 556
371 737
515 387
60 13
601 275
549 99
253 196
19 297
425 932
37 946
255 70
114 107
204 155
427 181
436 25
86 11
852 119
88 949
149 844
298 94
27 734
837 160
183 146
10 62
301 511
907 97
219 585
460 316
707 223
794 300
157 53
418 522
77 30
533 365
10 78
458 684
885 356
76 867
87 93
59 382
610 191
373 139
184 240
537 115
212 258
642 827
786 82
365 502
217 375
179 105
585 866
587 422
843 199
193 26
325 273
124 714
860 719
453 702
123 501
783 589
93 590
91 19
398 345
223 102
12 698
5 13
82 417
291 933
665 246
406 254
7 430
149 241
183 573
43 128
624 281
74 200
55 243
40 507
285 310
447 359
186 140
204 279
115 88
783 864
471 609
285 213
68 107
560 163
268 83
260 248
438 335
18 35
754 735
22 592
919 226
778 306
7 9
287 343
55 188
293 595
921 264
74 334
272 483
228 761
340 441
847 13
600 537
31 7
222 705
48 420
378 828
731 14
535 381
209 651
444 832
232 184
807 323
275 365
214 195
107 138
784 598
391 87
775 840
494 380
542 485
304 813
922 217
98 90
97 162
29 55
400 163
34 13
116 6
403 361
148 42
54 155
1 2
330 912
40 567
626 375
355 179
749 172
165 758
345 349
42 392
19 44
775 390
547 371
689 608
33 163
673 283
521 442
175 682
323 435
708 135
943 486
634 512
61 700
449 187
68 210
593 691
285 384
453 231
16 532
30 42
427 824
62 579
490 358
944 855
859 559
41 663
356 345
646 189
30 38
623 756
138 165
178 475
25 324
720 393
727 809
580 226
307 509
816 170
92 87
693 408
163 836
488 270
211 16
236 781
16 133
789 293
38 59
336 232
51 5
415 645
7 88
146 99
326 899
21 424
418 59
153 178
354 97
63 451
28 36
767 549
220 146
143 372
879 406
446 538
279 429
81 80
125 121
387 381
293 704
675 97
787 222
25 65
765 95
118 618
923 919
393 268
47 83
830 680
188 641
499 322
41 947
223 275
776 868
26 41
189 185
931 236
123 248
753 632
161 466
325 826
122 93
208 12
137 472
142 674
79 374
630 410
878 229
692 136
486 328
733 242
951 301
28 14
67 174
679 911
115 136
40 47
660 450
307 24
564 387
54 190
110 404
815 804
510 106
173 118
199 149
385 477
239 284
586 245
163 388
148 890
114 470
319 409
34 300
147 176
432 215
626 642
363 648
307 914
155 169
420 551
539 904
855 686
91 177
793 851
158 93
857 661
43 56
724 511
338 317
33 57
491 169
85 545
128 603
461 636
317 790
776 538
254 322
536 199
531 21
197 37
119 588
457 274
616 445
267 301
176 229
309 210
305 895
115 407
164 145
10 474
887 855
237 528
386 908
85 760
377 476
484 817
694 410
35 150
189 233
572 161
873 848
27 134
245 217
386 365
41 599
341 251
596 940
697 554
175 54
190 821
541 791
554 328
250 286
774 876
120 261
233 725
213 127
5 3
49 505
357 376
103 437
627 695
10 550
363 205
171 9
100 597
46 604
45 584
224 9
929 263
667 35
49 37
464 45
796 313
58 30
190 655
137 267
38 340
57 319
779 306
748 531
553 438
3 2
93 132
534 143
676 551
61 358
332 281
7 48
140 141
29 433
493 140
916 98
468 409
712 446
788 588
751 110
644 294
113 709
5 569
201 82
97 117
460 520
263 135
900 913
168 131
43 41
60 452
500 341
394 241
6 19
312 164
773 237
687 636
503 208
13 45
722 321
806 889
119 234
171 227
95 17
170 146
400 540
379 57
651 654
3 87
476 497
142 882
422 363
410 158
290 291
13 27
47 288
52 139
361 632
70 281
371 303
294 217
5 231
16 6
405 56
915 829
633 590
688 802
282 86
688 384
61 166
742 693
669 475
750 13
248 611
238 29
17 14
819 95
492 375
217 715
945 184
315 136
127 710
53 652
4 250
530 208
93 124
64 38
582 628
913 925
862 514
875 692
14 605
46 43
168 872
320 757
164 703
938 726
17 653
119 8
574 425
744 488
198 197
75 130
94 287
871 818
924 198
182 242
264 18
141 465
180 323
747 752
44 251
613 58
17 154
416 153
562 297
701 711
699 472
88 105
71 195
381 379
313 22
454 479
210 647
217 594
27 69
